1	1033670	1033670	C	1
1	1297059 1297059	A	2
1	5348914 5348914	T	1
1	8170654	8170654	T	1
1	9061723	9061723	T	1
1	11917340	11917340	T	1
1	15287948	15287948	G	1
1	17451275	17451275	T	1
1	17887101	17887101	T	2
1	18422972	18422972	T	1
1	18753877	18753877	T	1
1	18897118	18897118	A	1
1	19881388	19881388	C	1
1	21459125	21459125	T	1
1	21704844	21704844	C	1
1	23138581	23138581	T	1
1	24022437	24022437	G	2
1	25778832	25778832	A	1
1	28434228	28434228	T	2
1	28744905	28744905	T	1
1	29693321	29693321	G	1
1	29758648	29758648	A	1
1	29869584	29869584	A	2
1	30388515	30388515	T	1
1	30633727	30633727	T	1
1	31073191	31073191	T	1
1	31917045	31917045	A	1
1	37212710	37212710	A	2
1	37297500	37297500	C	1
1	37533801	37533801	T	1
